79
167
65
128
16
100
66
32
130
12
31
7
135
41
13
27
193
149
63
18
95
12
127
83
61
43
57
26
159
114
199
168
197
73
189
107
146
149
4
77
131
74
44
160
158
159
188
189
62
158
150
56
14
92
72
127
48
19
196
107
189
55
199
189
63
122
17
145
12
67
57
104
8
30
78
177
195
189
181
18
22
181
17
91
141
129
147
121
119
177
47
193
8
73
190
143
109
31
190
160
32
14
124
69
110
85
171
29
89
134
139
87
130
107
61
193
77
193
185
198
51
157
68
38
153
117
109
106
12
65
123
84
44
36
143
32
124
102
18
44
77
158
31
114
22
120
96
46
4
98
128
126
44
43
54
189
132
138
16
59
33
136
171
143
182
16
177
41
53
195
160
54
19
115
5
158
39
166
43
50
130
179
80
111
26
61
200
80
32
128
67
183
167
64
114
72
149
20
49
61
